1 63.020721
2 25.830896
3 16.170637
4 18.577000
5 18.294971
6 9.569735
7 8.754648
8 12.968843
9 8.181873
10 9.958805
11 10.501673
12 9.908409
13 7.752673
14 10.015684
15 10.481550
16 11.832438
17 10.428066
18 9.039772
19 6.590445
20 5.799852
21 10.944852
22 10.033457
23 10.075731
24 8.861313
25 13.120285
26 10.811545
27 8.649577
28 10.839273
29 11.293615
30 11.549526
31 9.296931
32 12.214445
33 11.125196
34 9.595407
35 9.516764
36 9.971178
37 8.184340
38 10.974022
39 12.209505
40 9.891335
41 9.005560
42 10.889051
43 6.378680
44 7.863321
45 8.197388
46 8.955828
47 7.482877
48 11.557642
49 8.213440
50 7.662553
51 9.320238
52 10.563533
53 7.967813
54 11.836721
55 9.239523
56 8.358297
57 11.256595
58 13.090452
59 10.875509
60 9.848909
61 12.141782
62 7.295451
63 10.792053
64 8.142834
65 7.830371
66 10.552722
67 7.962600
68 9.714124
69 13.531366
70 9.933049
71 10.200918
72 7.535162
73 10.882277
74 11.435186
75 9.180417
76 10.463640
77 10.907449
78 9.980150
79 9.909648
80 12.890857
81 11.095701
82 9.859144
83 11.862814
84 8.419683
85 8.756159
86 10.952331
87 10.765741
88 10.558623
89 8.406930
90 7.350941
91 9.347581
92 10.013502
93 10.242679
94 7.568114
95 12.838188
96 7.139052
97 11.917619
98 6.954639
99 12.053236
100 9.777697
